10
12968
12985
13080
14100
14297
14345
15250
15377
15638
15816
15817
15822
15973
15977
16778
16907
17547
17979
17980
18025
18031
18314
18577
18580
19283
19284
19487
20064
20065
20903
20905
21494
21495
22088
22096
22100
22104
22105
22106
22107
22108
22109
22110
22111
22112
22113
22114
22115
22116
22118
22119
22120
22126
22271
22273
22274
22275
22276
22279
22293
22294
22350
22351
22352
22363
22365
22366
22371
22372
22388
22389
22392
22393
22396
22397
22398
22399
22400
22418
22426
22427
22428
22439
22441
22459
22468
22469
22470
22471
22473
22487
22489
22490
22491
22496
22497
22502
22503
22508
22509
22513
22519
22520
22521
22523
22530
22531
22532
22533
22538
22540
22541
22552
22554
22555
22556
22562
22563
22574
22575
22577
22578
22579
22580
22582
22587
22593
22597
22601
22602
22603
22604
22610
22613
22615
22618
22619
22620
22630
22631
22642
22648
22649
22656
22659
22660
22673
22674
22676
22677
22678
22679
22684
22685
22696
22697
22698
22700
22703
22704
22705
22715
22720
22721
22724
22725
22726
22727
22728
22729
22730
22731
22734
22735
22736
22737
22738
22739
22740
22753
22755
22756
22759
22760
22761
22775
22776
22777
22778
22779
22784
22803
22804
22807
22808
22811
22812
22818
22819
22820
22828
22832
22840
22841
22842
22843
22848
22849
22850
22853
22857
22859
22860
22861
22864
22865
22866
22867
22869
22870
22871
22872
22873
22874
22875
22876
22877
22878
22879
22880
22881
22882
22886
22887
22888
22889
22890
22891
22894
22895
22896
22897
22898
23106
23107
23206
23229
23328
23329
23360
23361
23442
23446
23464
23466
23467
23468
23469
23471
23473
23474
23479
23482
23483
23484
23485
23490
23491
23492
23494
23497
23498
23499
23500
23501
23513
23518
23519
23547
24855
24911
25014
25027
25179
25189
25611
26577
37484
37532
37549
37555
94946
94947
94948
